w=[0.036266326904297
   0.012943267822266
   0.004600524902344
   0.001636505126953
   5.893707275390625e-04
   2.288818359375000e-04];
 

